3,2
3,1
3,3
10,80
55,7
10,292
55,6
55,5
55,4
10,256
55,3
55,2
10,140
10,8
55,1
55,0
54,5
10,20
54,4
54,3
54,2
54,1
11,8
54,0
53,4
53,3
53,2
53,1
53,0
52,3
52,2
52,1
52,0
51,4
51,3
8,17
8,9
8,10
51,2
8,8
8,12
8,4
51,1
51,0
48,3
48,1
47,4
47,3
47,1
46,3
46,1
45,3
45,1
25,3
25,2
25,1
20,3
20,2
20,1
19,2
19,3
19,1
12,3
12,2
12,1
11,28
11,26
11,24
11,22
11,21
11,20
11,18
11,16
11,15
11,14
11,13
11,12
11,11
11,9
11,6
11,4
11,3
11,2
11,1
10,296
10,290
10,265
10,250
10,246
10,230
10,209
10,207
10,202
10,190
10,174
10,166
18,1
10,146
18,3
14,1
10,138
10,132
14,3
13,1
10,121
10,120
13,3
10,116
10,102
10,100
10,93
10,90
10,85
10,82
2,1
2,3
10,81
10,78
